2 0.301563 0.635938 0.0375 0.009375
2 0.46875 0.635156 0.03125 0.0078125
2 0.667188 0.633594 0.0375 0.0078125
2 0.827344 0.629687 0.0390625 0.009375
2 0.419531 0.596094 0.0203125 0.0046875
2 0.495312 0.59375 0.00625 0.003125
2 0.582031 0.59375 0.0046875 0.003125
2 0.995313 0.628906 0.009375 0.0078125
2 0.149219 0.6375 0.0421875 0.009375
2 0.199219 0.596875 0.0203125 0.003125
2 0.282031 0.599219 0.0203125 0.0046875
2 0.447656 0.575 0.0109375 0.003125
2 0.740625 0.520312 0.0125 0.0125
2 0.757812 0.521094 0.003125 0.0109375
2 0.792188 0.517188 0.015625 0.015625
