1 0.227734 0.325 0.0210938 0.021875
1 0.272266 0.535156 0.0226562 0.0234375
1 0.3625 0.485156 0.021875 0.0265625
1 0.447266 0.441797 0.0195312 0.0335937
1 0.599219 0.714844 0.0265625 0.0359375
1 0.675391 0.654687 0.0226562 0.028125
1 0.514844 0.978516 0.0421875 0.0414062
1 0.227734 0.325 0.0210938 0.021875
1 0.272266 0.535156 0.0226562 0.0234375
1 0.3625 0.485156 0.021875 0.0265625
1 0.447266 0.441797 0.0195312 0.0335937
1 0.599219 0.714844 0.0265625 0.0359375
1 0.675391 0.654687 0.0226562 0.028125
1 0.514844 0.978516 0.0421875 0.0414062
