0 0.0535156 0.744531 0.0476562 0.0453125
0 0.148828 0.830078 0.0445313 0.0601563
0 0.263281 0.944531 0.0515625 0.0734375
0 0.873437 0.642969 0.0375 0.0453125
0 0.717969 0.574609 0.0328125 0.0398437
0 0.581641 0.314063 0.0132812 0.025
0 0.648047 0.325391 0.0273438 0.0320312
0 0.0535156 0.744531 0.0476562 0.0453125
0 0.148828 0.830078 0.0445313 0.0601563
0 0.263281 0.944531 0.0515625 0.0734375
0 0.873437 0.642969 0.0375 0.0453125
0 0.717969 0.574609 0.0328125 0.0398437
0 0.581641 0.314063 0.0132812 0.025
0 0.648047 0.325391 0.0273438 0.0320312
