0 0.506641 0.625391 0.0570312 0.0601563
0 0.507422 0.312109 0.0367188 0.0554687
0 0.441406 0.516016 0.0421875 0.0664062
0 0.519531 0.791016 0.0765625 0.0882813
0 0.0683594 0.323047 0.0398437 0.0523438
0 0.0164063 0.412891 0.0265625 0.0351562
0 0.978906 0.436719 0.0421875 0.0953125
0 0.506641 0.625391 0.0570312 0.0601563
0 0.507422 0.312109 0.0367188 0.0554687
0 0.441406 0.516016 0.0421875 0.0664062
0 0.519531 0.791016 0.0765625 0.0882813
0 0.0683594 0.323047 0.0398437 0.0523438
0 0.0164063 0.412891 0.0265625 0.0351562
0 0.978906 0.436719 0.0421875 0.0953125
