1 0.0417969 0.786328 0.0492187 0.0601563
1 0.159375 0.841797 0.05 0.0648438
1 0.296875 0.917578 0.053125 0.0820312
1 0.783594 0.576953 0.0453125 0.0632812
1 0.648438 0.538281 0.0375 0.0578125
1 0.532422 0.506641 0.0304687 0.0414062
1 0.495312 0.330078 0.025 0.0351562
1 0.55625 0.342187 0.03125 0.03125
1 0.0417969 0.786328 0.0492187 0.0601563
1 0.159375 0.841797 0.05 0.0648438
1 0.296875 0.917578 0.053125 0.0820312
1 0.783594 0.576953 0.0453125 0.0632812
1 0.648438 0.538281 0.0375 0.0578125
1 0.532422 0.506641 0.0304687 0.0414062
1 0.495312 0.330078 0.025 0.0351562
1 0.55625 0.342187 0.03125 0.03125
