0 0.0515625 0.758594 0.046875 0.0484375
0 0.150781 0.837109 0.0484375 0.0585938
0 0.275781 0.934766 0.0484375 0.0789062
0 0.699219 0.562109 0.0328125 0.0367188
0 0.846875 0.621875 0.034375 0.040625
0 0.558594 0.321094 0.0171875 0.0171875
0 0.623828 0.33125 0.0195312 0.028125
0 0.0515625 0.758594 0.046875 0.0484375
0 0.150781 0.837109 0.0484375 0.0585938
0 0.275781 0.934766 0.0484375 0.0789062
0 0.699219 0.562109 0.0328125 0.0367188
0 0.846875 0.621875 0.034375 0.040625
0 0.558594 0.321094 0.0171875 0.0171875
0 0.623828 0.33125 0.0195312 0.028125
