0 0.128516 0.46875 0.0351562 0.0375
0 0.0753906 0.472266 0.0289063 0.0320312
0 0.561328 0.485547 0.0289063 0.0335937
0 0.389453 0.371484 0.0195312 0.0335937
0 0.501563 0.260547 0.028125 0.0304687
0 0.663672 0.563281 0.0304687 0.0359375
0 0.743359 0.703906 0.0335937 0.0515625
0 0.764453 0.283984 0.0289063 0.0335937
0 0.959766 0.332813 0.0257812 0.034375
0 0.128516 0.46875 0.0351562 0.0375
0 0.0753906 0.472266 0.0289063 0.0320312
0 0.561328 0.485547 0.0289063 0.0335937
0 0.389453 0.371484 0.0195312 0.0335937
0 0.501563 0.260547 0.028125 0.0304687
0 0.663672 0.563281 0.0304687 0.0359375
0 0.743359 0.703906 0.0335937 0.0515625
0 0.764453 0.283984 0.0289063 0.0335937
0 0.959766 0.332813 0.0257812 0.034375
